## Found DRS4 evaluation board, serial #2675, firmware revision 21305
#Sample	dt_ch0		dt_ch1		dt_ch2		dt_ch3
0	0.142800	0.112100	0.100500	0.080200
1	0.217400	0.247800	0.264100	0.292800
2	0.142300	0.132200	0.123400	0.104000
3	0.269100	0.247900	0.271000	0.280400
4	0.156000	0.174300	0.156000	0.128900
5	0.233300	0.232800	0.244200	0.262700
6	0.151800	0.156300	0.148000	0.152100
7	0.262200	0.243200	0.253300	0.267700
8	0.115300	0.138900	0.135900	0.125400
9	0.237000	0.258200	0.244800	0.250800
10	0.156600	0.144300	0.154800	0.144800
11	0.206900	0.205600	0.218000	0.209700
12	0.208900	0.187200	0.177500	0.188900
13	0.225300	0.249300	0.231200	0.242800
14	0.132900	0.113100	0.132700	0.118600
15	0.226400	0.248300	0.249800	0.253200
16	0.174300	0.140600	0.131600	0.144700
17	0.230200	0.247200	0.260700	0.248000
18	0.164800	0.170000	0.160000	0.150800
19	0.208800	0.219500	0.208900	0.239100
20	0.176800	0.159800	0.171300	0.147700
21	0.257500	0.247600	0.255600	0.254600
22	0.152600	0.148300	0.132200	0.136200
23	0.200300	0.226900	0.218900	0.222100
24	0.163200	0.156000	0.145400	0.148200
25	0.218600	0.224000	0.253900	0.243400
26	0.174100	0.152300	0.138400	0.145800
27	0.225500	0.262500	0.255100	0.260100
28	0.172500	0.141300	0.166600	0.155100
29	0.225000	0.237500	0.231500	0.227500
30	0.152800	0.151800	0.130800	0.146100
31	0.256600	0.250000	0.265100	0.250900
32	0.150800	0.164100	0.145100	0.162800
33	0.220900	0.208800	0.227100	0.237400
34	0.166400	0.162900	0.151400	0.144800
35	0.219300	0.230000	0.248100	0.247600
36	0.173400	0.165800	0.150200	0.136400
37	0.232300	0.236900	0.230700	0.238800
38	0.129900	0.111200	0.128100	0.132100
39	0.227400	0.258400	0.251700	0.241200
40	0.154700	0.135500	0.151000	0.136800
41	0.255700	0.278500	0.275600	0.281900
42	0.162200	0.132000	0.128300	0.141100
43	0.225100	0.232000	0.227500	0.234300
44	0.148000	0.140400	0.155200	0.147300
45	0.243300	0.252500	0.245100	0.246700
46	0.157100	0.137200	0.128400	0.126200
47	0.215100	0.255300	0.245600	0.255700
48	0.163600	0.131300	0.151600	0.129700
49	0.256000	0.261800	0.269600	0.272400
50	0.145400	0.152600	0.148400	0.146700
51	0.223800	0.240000	0.219300	0.240000
52	0.155000	0.128400	0.139800	0.132500
53	0.235700	0.258900	0.252800	0.257200
54	0.148400	0.133600	0.129000	0.139100
55	0.249200	0.249500	0.279700	0.243200
56	0.171800	0.165000	0.135700	0.142300
57	0.245600	0.254600	0.251600	0.262500
58	0.101100	0.104800	0.113500	0.124800
59	0.252900	0.240200	0.253900	0.234700
60	0.176700	0.167400	0.159300	0.171500
61	0.235700	0.267000	0.262200	0.254400
62	0.129800	0.118400	0.109600	0.120000
63	0.236000	0.247800	0.249900	0.257400
64	0.172700	0.169100	0.174200	0.152800
65	0.220900	0.211400	0.218300	0.227300
66	0.149500	0.140800	0.140300	0.124400
67	0.234800	0.257400	0.265800	0.282200
68	0.170800	0.153800	0.142500	0.121800
69	0.196300	0.218800	0.232900	0.246300
70	0.196600	0.171900	0.152900	0.148000
71	0.211800	0.222400	0.233700	0.260700
72	0.193200	0.170700	0.164800	0.150400
73	0.220100	0.242400	0.248500	0.249100
74	0.158600	0.137300	0.130500	0.125300
75	0.244700	0.259900	0.262400	0.262000
76	0.168500	0.154900	0.157300	0.161300
77	0.208700	0.222100	0.225200	0.233100
78	0.155000	0.163100	0.157100	0.147800
79	0.252800	0.259700	0.246600	0.242200
80	0.134100	0.114700	0.124600	0.142000
81	0.230900	0.230500	0.246700	0.213300
82	0.147400	0.152400	0.127800	0.146900
83	0.252000	0.264000	0.264900	0.269200
84	0.163600	0.146200	0.152800	0.134500
85	0.223500	0.234800	0.241200	0.259700
86	0.166900	0.149700	0.146500	0.140300
87	0.233500	0.240400	0.235000	0.235400
88	0.155700	0.168500	0.151900	0.150700
89	0.258600	0.236600	0.253900	0.277800
90	0.115700	0.125900	0.146300	0.122700
91	0.233000	0.255200	0.242000	0.234100
92	0.206300	0.178200	0.152500	0.184600
93	0.192200	0.206200	0.243400	0.204300
94	0.131800	0.130500	0.096200	0.119900
95	0.234800	0.244000	0.276400	0.258100
96	0.167600	0.144500	0.139300	0.144100
97	0.267800	0.273600	0.258600	0.273000
98	0.096500	0.114600	0.122000	0.113100
99	0.263600	0.269100	0.260400	0.259600
100	0.202200	0.163200	0.167600	0.187500
101	0.215500	0.244600	0.241400	0.225500
102	0.124400	0.121300	0.115100	0.121000
103	0.273400	0.278000	0.279600	0.271600
104	0.145000	0.141000	0.164000	0.142100
105	0.244600	0.248500	0.246600	0.259700
106	0.153600	0.125600	0.120400	0.135500
107	0.207300	0.250500	0.246700	0.231500
108	0.163700	0.132000	0.140700	0.140000
109	0.258300	0.257200	0.254800	0.284300
110	0.176500	0.175900	0.169300	0.163200
111	0.227500	0.242800	0.241500	0.224100
112	0.155000	0.150100	0.148100	0.162700
113	0.245400	0.250100	0.243400	0.251000
114	0.140000	0.132100	0.138600	0.130200
115	0.226500	0.248800	0.248700	0.234500
116	0.160900	0.160300	0.145400	0.153000
117	0.242700	0.234400	0.246400	0.248300
118	0.171500	0.157500	0.154900	0.144800
119	0.221200	0.229300	0.240700	0.234900
120	0.155000	0.143300	0.126300	0.153800
121	0.257400	0.265000	0.287000	0.259200
122	0.164300	0.154100	0.146500	0.148400
123	0.183900	0.206900	0.197700	0.209800
124	0.191700	0.178600	0.179300	0.171600
125	0.243200	0.245500	0.248000	0.255700
126	0.134000	0.127800	0.151200	0.124600
127	0.242000	0.245400	0.232600	0.253700
128	0.125800	0.136300	0.130800	0.135000
129	0.264100	0.241100	0.244800	0.259400
130	0.128400	0.131900	0.145400	0.112200
131	0.256800	0.257000	0.254600	0.276500
132	0.152800	0.154900	0.145800	0.129700
133	0.232200	0.262600	0.257100	0.257000
134	0.160100	0.132200	0.151200	0.148000
135	0.222200	0.229500	0.227200	0.251400
136	0.201200	0.189800	0.165400	0.163900
137	0.222400	0.229100	0.246100	0.234800
138	0.139200	0.121400	0.129700	0.123600
139	0.221500	0.235500	0.238500	0.258200
140	0.179700	0.178600	0.152300	0.142700
141	0.236500	0.243900	0.247300	0.259700
142	0.156100	0.130900	0.140200	0.138500
143	0.228900	0.251700	0.249500	0.237500
144	0.163000	0.152700	0.161100	0.153800
145	0.254000	0.279800	0.249000	0.270800
146	0.158700	0.127600	0.149400	0.131700
147	0.208500	0.241300	0.246700	0.249500
148	0.176600	0.156800	0.126600	0.133100
149	0.203400	0.217900	0.245000	0.253700
150	0.155000	0.141800	0.140300	0.129400
151	0.249800	0.254100	0.243500	0.253700
152	0.141600	0.135800	0.146800	0.119500
153	0.237700	0.237600	0.244400	0.247400
154	0.166900	0.181400	0.154600	0.162700
155	0.223400	0.222700	0.217800	0.240400
156	0.148900	0.127900	0.138800	0.125400
157	0.269200	0.284900	0.296900	0.284400
158	0.120100	0.103000	0.093500	0.109200
159	0.275600	0.292300	0.297200	0.283300
160	0.123300	0.102700	0.087600	0.101100
161	0.198600	0.218700	0.254500	0.237200
162	0.189400	0.180300	0.159200	0.160600
163	0.209100	0.221800	0.232100	0.251500
164	0.161900	0.164300	0.154700	0.131900
165	0.240600	0.231700	0.244800	0.245000
166	0.184500	0.179500	0.152900	0.155500
167	0.210600	0.215800	0.241800	0.261400
168	0.175300	0.155300	0.159600	0.134500
169	0.228500	0.248100	0.237400	0.262800
170	0.146400	0.140100	0.128800	0.121800
171	0.279900	0.284300	0.282900	0.274100
172	0.111800	0.117700	0.117400	0.109400
173	0.270500	0.254200	0.285600	0.285700
174	0.124100	0.145700	0.105600	0.133200
175	0.238100	0.236700	0.248900	0.240600
176	0.180500	0.157000	0.171000	0.150300
177	0.190200	0.219100	0.199200	0.229200
178	0.161700	0.130100	0.150200	0.121600
179	0.237000	0.253100	0.239000	0.269700
180	0.197100	0.174900	0.172600	0.153800
181	0.208400	0.231600	0.256000	0.246400
182	0.146200	0.157300	0.126100	0.150900
183	0.228200	0.218100	0.239500	0.221800
184	0.171900	0.167900	0.149900	0.166700
185	0.219900	0.226900	0.247400	0.220000
186	0.144500	0.140200	0.113200	0.132400
187	0.249100	0.263700	0.283000	0.265300
188	0.173200	0.152100	0.162600	0.140800
189	0.226800	0.239500	0.232400	0.276000
190	0.156200	0.141500	0.141000	0.127500
191	0.251100	0.263900	0.250100	0.261300
192	0.147100	0.137200	0.149000	0.130100
193	0.238200	0.222400	0.229600	0.239100
194	0.135900	0.148000	0.146800	0.141400
195	0.233000	0.234000	0.223500	0.240200
196	0.173200	0.175700	0.172600	0.150300
197	0.223300	0.245100	0.241600	0.254600
198	0.171500	0.153400	0.152800	0.152600
199	0.249800	0.243700	0.272400	0.259300
200	0.155300	0.167600	0.143300	0.153600
201	0.220300	0.214600	0.225700	0.227400
202	0.136100	0.139700	0.114200	0.113100
203	0.236100	0.241600	0.270600	0.269800
204	0.165200	0.140400	0.148600	0.137500
205	0.286600	0.304900	0.286000	0.302000
206	0.143900	0.130700	0.125200	0.136800
207	0.230400	0.255800	0.273400	0.267300
208	0.184200	0.143900	0.140400	0.126200
209	0.234900	0.259500	0.253500	0.249500
210	0.132700	0.130300	0.126400	0.139700
211	0.226700	0.216700	0.235300	0.216900
212	0.174000	0.181600	0.159600	0.170700
213	0.225600	0.236600	0.249800	0.245000
214	0.170500	0.161200	0.159000	0.164400
215	0.214200	0.233700	0.232800	0.229800
216	0.163800	0.162100	0.154200	0.148500
217	0.250500	0.231000	0.241900	0.248100
218	0.120800	0.115000	0.103300	0.127700
219	0.226800	0.241700	0.265700	0.245900
220	0.174400	0.171200	0.149900	0.152400
221	0.221300	0.222500	0.230100	0.222300
222	0.177500	0.173600	0.141700	0.148000
223	0.235500	0.240700	0.275300	0.278100
224	0.169000	0.154400	0.135300	0.135200
225	0.213100	0.218300	0.250800	0.227600
226	0.145100	0.148400	0.120000	0.152300
227	0.230000	0.233800	0.256400	0.235500
228	0.152800	0.148600	0.133400	0.137000
229	0.232500	0.250900	0.246800	0.260400
230	0.149200	0.141700	0.134000	0.136600
231	0.254300	0.269900	0.274300	0.272600
232	0.180500	0.155600	0.162100	0.152600
233	0.223900	0.234300	0.232100	0.235100
234	0.137200	0.127700	0.140400	0.127500
235	0.263400	0.257000	0.245000	0.274800
236	0.154700	0.149000	0.156900	0.131900
237	0.216600	0.240000	0.240100	0.242700
238	0.157800	0.161800	0.139600	0.143400
239	0.272500	0.251400	0.282000	0.285000
240	0.133400	0.138000	0.115100	0.098300
241	0.253200	0.254400	0.261700	0.270800
242	0.112400	0.104500	0.119400	0.111300
243	0.259100	0.268700	0.251800	0.264600
244	0.185000	0.184100	0.167700	0.167900
245	0.200600	0.192800	0.229600	0.220700
246	0.165100	0.172200	0.147700	0.149300
247	0.229400	0.229200	0.244000	0.239500
248	0.163200	0.158300	0.156900	0.152800
249	0.221900	0.252200	0.229900	0.239000
250	0.145400	0.104800	0.122300	0.135500
251	0.239400	0.250900	0.265100	0.254300
252	0.156900	0.168600	0.137800	0.141000
253	0.236900	0.236400	0.249500	0.252900
254	0.175200	0.169800	0.179000	0.158000
255	0.215300	0.200900	0.204100	0.232400
256	0.161800	0.159700	0.168500	0.148600
257	0.241200	0.263000	0.256800	0.263000
258	0.144700	0.123400	0.110500	0.128800
259	0.242000	0.277300	0.275200	0.261800
260	0.188400	0.164100	0.155400	0.153100
261	0.223500	0.242600	0.246800	0.259300
262	0.151500	0.139300	0.131200	0.128000
263	0.220300	0.227100	0.242500	0.230200
264	0.170200	0.157400	0.156800	0.161400
265	0.256900	0.246000	0.269800	0.257900
266	0.136500	0.160100	0.118400	0.123200
267	0.224300	0.227400	0.230400	0.249300
268	0.177600	0.148200	0.155200	0.147200
269	0.209200	0.215100	0.232400	0.233300
270	0.138600	0.157500	0.126500	0.141100
271	0.284200	0.286200	0.320300	0.298600
272	0.185300	0.183700	0.148100	0.151300
273	0.219200	0.213400	0.240600	0.219700
274	0.105400	0.116900	0.087900	0.119300
275	0.256500	0.225100	0.259900	0.251900
276	0.154300	0.161900	0.159600	0.139200
277	0.223300	0.243500	0.228200	0.247100
278	0.144500	0.149100	0.135000	0.149800
279	0.231000	0.243200	0.248600	0.246100
280	0.194500	0.173400	0.181000	0.155800
281	0.255500	0.239200	0.245700	0.256400
282	0.136000	0.150200	0.136800	0.127000
283	0.203800	0.216800	0.229700	0.248300
284	0.173300	0.146000	0.142300	0.136900
285	0.239400	0.240500	0.259300	0.253000
286	0.148700	0.150800	0.134500	0.136300
287	0.215400	0.250200	0.242500	0.260200
288	0.192200	0.151400	0.164500	0.148900
289	0.234400	0.241000	0.240200	0.252700
290	0.141100	0.142600	0.140900	0.124000
291	0.240200	0.257800	0.253700	0.273700
292	0.183400	0.157200	0.156600	0.150800
293	0.208000	0.222900	0.230800	0.217300
294	0.139200	0.126700	0.116900	0.134500
295	0.249800	0.261500	0.272600	0.273100
296	0.202200	0.169000	0.181000	0.169000
297	0.181800	0.216900	0.212900	0.200400
298	0.154200	0.146000	0.141300	0.135600
299	0.241700	0.252300	0.248500	0.281700
300	0.196800	0.173400	0.167900	0.143700
301	0.207400	0.232300	0.235300	0.234700
302	0.133200	0.135800	0.119300	0.133500
303	0.273500	0.269800	0.270200	0.272800
304	0.144700	0.130800	0.139000	0.119800
305	0.239500	0.244600	0.254200	0.264200
306	0.150700	0.148400	0.153400	0.156800
307	0.214100	0.236500	0.222000	0.220900
308	0.209500	0.191800	0.199700	0.189000
309	0.207000	0.226600	0.222600	0.215900
310	0.175600	0.129100	0.152700	0.165800
311	0.223800	0.247200	0.238900	0.241800
312	0.164500	0.158300	0.144400	0.139700
313	0.223300	0.238600	0.259700	0.256700
314	0.161300	0.155100	0.113400	0.138900
315	0.207600	0.208800	0.229400	0.219900
316	0.183700	0.180200	0.166600	0.167200
317	0.254300	0.267800	0.265200	0.268700
318	0.144000	0.132500	0.134800	0.131700
319	0.235600	0.235800	0.250400	0.252000
320	0.159500	0.168200	0.162900	0.138800
321	0.216300	0.209600	0.205400	0.233300
322	0.110400	0.111000	0.111000	0.104800
323	0.267900	0.273400	0.274800	0.284700
324	0.159200	0.125500	0.149300	0.119600
325	0.218800	0.260000	0.243300	0.247200
326	0.143800	0.138000	0.121900	0.126800
327	0.261500	0.264100	0.284800	0.301000
328	0.177000	0.165700	0.152600	0.139100
329	0.228900	0.237200	0.242200	0.222000
330	0.115100	0.123800	0.101400	0.117600
331	0.234800	0.233300	0.251800	0.249700
332	0.167800	0.139700	0.155700	0.147600
333	0.232400	0.270400	0.270900	0.268300
334	0.174800	0.137800	0.121700	0.151500
335	0.229100	0.258800	0.272000	0.245400
336	0.167400	0.141900	0.148200	0.140900
337	0.227300	0.232500	0.231100	0.257000
338	0.111500	0.118800	0.111300	0.108900
339	0.256200	0.271300	0.268300	0.260600
340	0.186100	0.148500	0.148600	0.151200
341	0.214000	0.253700	0.237600	0.231400
342	0.143200	0.122800	0.118300	0.131400
343	0.234800	0.251900	0.267200	0.263500
344	0.167000	0.155000	0.146900	0.138900
345	0.228300	0.224400	0.244100	0.267400
346	0.158500	0.153800	0.141800	0.127000
347	0.253100	0.254300	0.251400	0.268100
348	0.142000	0.150100	0.134100	0.128100
349	0.249500	0.252900	0.255000	0.242200
350	0.124300	0.114600	0.134400	0.148600
351	0.248400	0.249600	0.262800	0.240700
352	0.176400	0.164700	0.162100	0.143000
353	0.238800	0.266000	0.258400	0.265400
354	0.114700	0.086200	0.081500	0.107100
355	0.246100	0.267800	0.282000	0.280400
356	0.150900	0.154600	0.137800	0.118600
357	0.235500	0.229800	0.243800	0.254300
358	0.158200	0.160000	0.148000	0.147200
359	0.251200	0.251400	0.247800	0.257700
360	0.167700	0.168100	0.152400	0.143600
361	0.226600	0.237400	0.268600	0.262800
362	0.184200	0.144700	0.153900	0.150200
363	0.207800	0.219000	0.224100	0.222400
364	0.135800	0.154000	0.130600	0.126400
365	0.254500	0.246900	0.259600	0.261400
366	0.154900	0.143300	0.143300	0.169700
367	0.234800	0.245100	0.255600	0.243000
368	0.166100	0.172000	0.130300	0.145900
369	0.254900	0.259400	0.279000	0.260100
370	0.126400	0.113500	0.110500	0.122800
371	0.248500	0.246200	0.253200	0.261500
372	0.129100	0.132900	0.128800	0.107300
373	0.269100	0.261200	0.259100	0.270400
374	0.130500	0.143400	0.127300	0.141000
375	0.227300	0.220700	0.252500	0.224700
376	0.158900	0.174200	0.146900	0.160100
377	0.263400	0.242500	0.255500	0.250600
378	0.123200	0.131800	0.120600	0.134700
379	0.240000	0.234800	0.250600	0.243300
380	0.148200	0.138200	0.138600	0.123500
381	0.244300	0.272500	0.256400	0.275000
382	0.154300	0.116400	0.120100	0.117300
383	0.217600	0.249500	0.265600	0.257400
384	0.184600	0.184800	0.164200	0.160300
385	0.205200	0.203100	0.215200	0.237900
386	0.174800	0.151700	0.155300	0.136500
387	0.222400	0.245000	0.232200	0.246900
388	0.174300	0.150400	0.174100	0.145800
389	0.226100	0.259200	0.249300	0.266500
390	0.131700	0.121200	0.118500	0.103500
391	0.271400	0.264600	0.273500	0.286100
392	0.165900	0.155400	0.161100	0.158500
393	0.240300	0.270000	0.234500	0.240300
394	0.132300	0.115600	0.135700	0.112800
395	0.250400	0.237500	0.252200	0.264600
396	0.162900	0.178600	0.175400	0.169200
397	0.239000	0.240600	0.232700	0.251500
398	0.114300	0.108400	0.104600	0.107400
399	0.249900	0.258400	0.261400	0.256700
400	0.166000	0.155300	0.127500	0.140600
401	0.255400	0.245600	0.283900	0.264400
402	0.137000	0.146000	0.125300	0.148000
403	0.247400	0.256700	0.257900	0.249200
404	0.167100	0.159800	0.150700	0.159000
405	0.226600	0.235000	0.247700	0.229600
406	0.133200	0.149100	0.140800	0.133500
407	0.253000	0.235800	0.237100	0.236100
408	0.130200	0.100100	0.115500	0.124300
409	0.247200	0.277000	0.279100	0.281200
410	0.147000	0.140600	0.115300	0.128500
411	0.221400	0.247200	0.267500	0.251900
412	0.200500	0.180400	0.169200	0.156200
413	0.202300	0.211800	0.223800	0.244100
414	0.174500	0.142500	0.162000	0.142900
415	0.244300	0.261100	0.237800	0.250900
416	0.134800	0.140900	0.147100	0.129700
417	0.237300	0.244000	0.245500	0.254200
418	0.141200	0.124200	0.101100	0.118600
419	0.245700	0.260700	0.266100	0.272900
420	0.176000	0.160900	0.171000	0.148300
421	0.207500	0.219500	0.232700	0.247600
422	0.148900	0.158300	0.149100	0.118200
423	0.261500	0.246400	0.246900	0.278900
424	0.167000	0.147700	0.154400	0.142400
425	0.206700	0.231700	0.231400	0.245100
426	0.164900	0.146900	0.131500	0.135300
427	0.213000	0.229300	0.233600	0.208000
428	0.166600	0.155900	0.141900	0.149600
429	0.231500	0.253800	0.269500	0.258100
430	0.166400	0.149900	0.124200	0.156200
431	0.252000	0.254600	0.275000	0.250600
432	0.119300	0.117000	0.116000	0.132100
433	0.218000	0.232600	0.240200	0.238200
434	0.171600	0.157800	0.147600	0.150700
435	0.225700	0.220200	0.243400	0.211100
436	0.175300	0.172000	0.152000	0.171600
437	0.241900	0.255200	0.256200	0.252400
438	0.119600	0.109500	0.095500	0.114700
439	0.232900	0.245200	0.266400	0.272300
440	0.201300	0.186100	0.172300	0.146400
441	0.201200	0.205900	0.215400	0.216900
442	0.133700	0.127100	0.122800	0.136600
443	0.247700	0.273100	0.266300	0.276500
444	0.147800	0.121600	0.143300	0.125200
445	0.235400	0.242600	0.238900	0.241900
446	0.163900	0.164200	0.142900	0.152200
447	0.239100	0.248400	0.266500	0.258200
448	0.157200	0.148900	0.139200	0.144600
449	0.241300	0.232700	0.257900	0.254900
450	0.152900	0.148200	0.129200	0.127100
451	0.172000	0.204200	0.199400	0.199200
452	0.165400	0.157100	0.164300	0.147500
453	0.245700	0.244900	0.251600	0.261300
454	0.137400	0.120100	0.120500	0.120400
455	0.239100	0.250100	0.243900	0.252300
456	0.168300	0.181100	0.166600	0.153100
457	0.245300	0.239000	0.250900	0.264900
458	0.158900	0.142400	0.131600	0.138200
459	0.252900	0.255200	0.264000	0.254200
460	0.130100	0.123000	0.125200	0.119800
461	0.247200	0.258000	0.252200	0.252700
462	0.151400	0.151400	0.137500	0.151900
463	0.246900	0.263500	0.290900	0.267100
464	0.171800	0.151100	0.124300	0.139200
465	0.235000	0.231100	0.250100	0.246600
466	0.117200	0.125600	0.123400	0.114800
467	0.241200	0.230700	0.241300	0.256100
468	0.156500	0.162700	0.159600	0.152300
469	0.224900	0.247500	0.245400	0.235400
470	0.138700	0.122500	0.111000	0.126600
471	0.263600	0.267500	0.260100	0.265900
472	0.116000	0.134200	0.131000	0.124500
473	0.244500	0.240100	0.254700	0.243900
474	0.164400	0.128400	0.136300	0.153400
475	0.254300	0.280600	0.276100	0.285100
476	0.163900	0.134800	0.155400	0.110000
477	0.206000	0.243400	0.201900	0.240100
478	0.130300	0.110200	0.121100	0.098800
479	0.265300	0.264700	0.289000	0.299800
480	0.150000	0.162800	0.142700	0.152300
481	0.211200	0.223700	0.222000	0.208500
482	0.159100	0.135000	0.149600	0.138300
483	0.225700	0.229800	0.225600	0.243100
484	0.198800	0.179700	0.168800	0.171500
485	0.209500	0.252100	0.248100	0.242500
486	0.150100	0.134600	0.140400	0.140100
487	0.246300	0.238900	0.255400	0.272400
488	0.293200	0.289700	0.266900	0.255500
489	0.138900	0.140700	0.160900	0.165700
490	0.155600	0.167500	0.156300	0.142900
491	0.209300	0.189700	0.201700	0.198500
492	0.167500	0.176300	0.154600	0.148300
493	0.233900	0.254000	0.275300	0.273700
494	0.163100	0.148200	0.135300	0.146100
495	0.270600	0.275600	0.271900	0.277100
496	0.139300	0.118200	0.130800	0.111000
497	0.361300	0.367300	0.355400	0.385000
498	0.026400	0.035300	0.029800	0.023600
499	0.245000	0.244400	0.274200	0.251800
500	0.167400	0.153200	0.143200	0.151100
501	0.277600	0.270500	0.275600	0.279200
502	0.101700	0.109300	0.106100	0.110300
503	0.214800	0.212000	0.221400	0.214900
504	0.140100	0.156100	0.134900	0.161700
505	0.223500	0.237900	0.253100	0.218000
506	0.165400	0.143700	0.149400	0.163900
507	0.252900	0.253200	0.237600	0.239100
508	0.151400	0.142200	0.136600	0.144900
509	0.209300	0.226000	0.236500	0.230100
510	0.148400	0.159100	0.140500	0.132300
511	0.229100	0.210100	0.242500	0.243600
512	0.112200	0.106500	0.067000	0.063600
513	0.248300	0.276400	0.290300	0.295700
514	0.154000	0.105900	0.107900	0.125800
515	0.236400	0.275300	0.299600	0.261100
516	0.157100	0.134900	0.124400	0.152400
517	0.255100	0.271800	0.271100	0.270600
518	0.146800	0.124700	0.124700	0.113200
519	0.238700	0.280200	0.275300	0.281800
520	0.131400	0.116300	0.112100	0.118800
521	0.291400	0.277800	0.291900	0.292700
522	0.157200	0.146000	0.125800	0.138800
523	0.244500	0.261400	0.263600	0.271000
524	0.097600	0.102900	0.100500	0.078300
525	0.248800	0.262100	0.278600	0.283300
526	0.151400	0.127700	0.113800	0.102700
527	0.252800	0.255200	0.247700	0.261300
528	0.094600	0.111200	0.126600	0.103100
529	0.300900	0.289100	0.278700	0.302700
530	0.132200	0.119700	0.133700	0.108300
531	0.263700	0.277400	0.278000	0.273100
532	0.125100	0.124800	0.101900	0.125700
533	0.273700	0.258900	0.281100	0.282300
534	0.085900	0.108900	0.093200	0.083100
535	0.275500	0.274000	0.295700	0.304800
536	0.122400	0.113400	0.107500	0.097600
537	0.256400	0.259100	0.244200	0.257400
538	0.131700	0.108300	0.125100	0.126000
539	0.289000	0.301900	0.308700	0.281000
540	0.096400	0.096500	0.092200	0.111800
541	0.251400	0.263800	0.266100	0.264800
542	0.155000	0.158100	0.126400	0.141200
543	0.236300	0.218900	0.240800	0.233300
544	0.116300	0.117500	0.108600	0.113800
545	0.231700	0.247100	0.241200	0.235900
546	0.188800	0.165700	0.161800	0.164100
547	0.248200	0.265800	0.258300	0.268800
548	0.114100	0.110600	0.133100	0.125700
549	0.240700	0.263100	0.259800	0.257600
550	0.164500	0.147700	0.147300	0.137600
551	0.243400	0.245500	0.257500	0.262300
552	0.128200	0.125200	0.103500	0.113800
553	0.251600	0.257000	0.281400	0.262800
554	0.164000	0.156800	0.147000	0.134900
555	0.254700	0.263900	0.269600	0.289800
556	0.124500	0.114900	0.105200	0.084500
557	0.245100	0.260400	0.257200	0.288900
558	0.189200	0.158500	0.167300	0.139100
559	0.239100	0.272400	0.261000	0.261300
560	0.113200	0.084500	0.102700	0.123300
561	0.232500	0.244000	0.266700	0.237300
562	0.161500	0.165000	0.134100	0.163100
563	0.245200	0.239800	0.242200	0.239000
564	0.150300	0.150800	0.131700	0.126800
565	0.245800	0.245700	0.268600	0.255100
566	0.150600	0.135500	0.138400	0.150100
567	0.234500	0.258400	0.253700	0.261400
568	0.126300	0.107300	0.111400	0.115800
569	0.269800	0.299000	0.280000	0.275600
570	0.142800	0.118300	0.128100	0.117500
571	0.269400	0.269200	0.273300	0.265100
572	0.127300	0.129400	0.122400	0.120500
573	0.238700	0.243300	0.246700	0.279100
574	0.131400	0.134900	0.120000	0.109300
575	0.255200	0.274400	0.277600	0.276300
576	0.127500	0.095100	0.097300	0.095900
577	0.273200	0.274300	0.276300	0.277600
578	0.109200	0.102000	0.102500	0.102700
579	0.283600	0.298000	0.305700	0.302300
580	0.121600	0.110700	0.113300	0.107700
581	0.225600	0.260200	0.245300	0.252700
582	0.174600	0.150300	0.141900	0.133700
583	0.278600	0.287100	0.298900	0.314700
584	0.121900	0.121300	0.105800	0.095000
585	0.245800	0.248300	0.267100	0.281100
586	0.159400	0.147600	0.150500	0.123700
587	0.230700	0.245500	0.252500	0.248200
588	0.097300	0.079000	0.089600	0.101200
589	0.273900	0.293400	0.280800	0.288300
590	0.174600	0.159600	0.152500	0.140800
591	0.250500	0.257600	0.260300	0.261100
592	0.131800	0.121500	0.131500	0.129100
593	0.249500	0.257600	0.244800	0.261700
594	0.169000	0.140800	0.147400	0.149000
595	0.244400	0.261000	0.266400	0.268400
596	0.124800	0.131100	0.122100	0.123200
597	0.271100	0.277900	0.278200	0.270900
598	0.134000	0.128200	0.113500	0.100700
599	0.237600	0.253200	0.264700	0.266800
600	0.109000	0.088600	0.088200	0.107300
601	0.265000	0.283700	0.272500	0.278100
602	0.148100	0.126200	0.129800	0.106700
603	0.265300	0.281000	0.293400	0.303400
604	0.090200	0.084600	0.067500	0.072500
605	0.243400	0.272700	0.275100	0.276600
606	0.191000	0.148100	0.166700	0.141700
607	0.234700	0.267100	0.255700	0.284800
608	0.135200	0.114300	0.127400	0.102000
609	0.252200	0.261300	0.248000	0.267400
610	0.153400	0.159000	0.148600	0.132600
611	0.259200	0.234600	0.270400	0.280600
612	0.104100	0.106700	0.073200	0.081700
613	0.255600	0.276200	0.283800	0.279000
614	0.187500	0.160600	0.148900	0.145800
615	0.251100	0.267900	0.298000	0.303900
616	0.129200	0.123600	0.105700	0.098900
617	0.231300	0.244400	0.252500	0.231800
618	0.173800	0.151100	0.136800	0.164100
619	0.224100	0.258800	0.267000	0.249000
620	0.125700	0.099600	0.091500	0.107500
621	0.263900	0.280200	0.305400	0.286200
622	0.171600	0.163500	0.131600	0.131600
623	0.258900	0.262300	0.278100	0.297100
624	0.130500	0.101500	0.121100	0.094900
625	0.244600	0.263000	0.262300	0.271000
626	0.147100	0.149300	0.145600	0.129600
627	0.229100	0.239400	0.235300	0.249400
628	0.120700	0.098000	0.098600	0.106500
629	0.260300	0.279200	0.277300	0.269400
630	0.158900	0.144500	0.139200	0.149100
631	0.246900	0.263600	0.251400	0.264300
632	0.128600	0.111100	0.113100	0.101200
633	0.224100	0.225600	0.241900	0.246800
634	0.146700	0.149300	0.141000	0.136600
635	0.254900	0.252600	0.261400	0.261500
636	0.122300	0.132400	0.113300	0.129800
637	0.231800	0.242900	0.258800	0.244100
638	0.168100	0.163500	0.144600	0.153000
639	0.248700	0.240300	0.254200	0.242400
640	0.123600	0.109800	0.125000	0.116400
641	0.255500	0.254000	0.247400	0.269200
642	0.163000	0.184000	0.174300	0.144900
643	0.264100	0.232800	0.255000	0.271900
644	0.073600	0.095800	0.082900	0.086600
645	0.266600	0.274400	0.278200	0.281100
646	0.161700	0.150000	0.146200	0.127500
647	0.276700	0.284200	0.277900	0.277800
648	0.104200	0.090300	0.087400	0.084900
649	0.271400	0.288900	0.289500	0.298100
650	0.137900	0.123600	0.123300	0.131500
651	0.274000	0.274600	0.293900	0.274700
652	0.101900	0.115900	0.104800	0.117600
653	0.235400	0.239600	0.220700	0.242200
654	0.175100	0.146300	0.156600	0.151100
655	0.248300	0.268700	0.267400	0.263800
656	0.140800	0.133300	0.121400	0.125900
657	0.248600	0.266900	0.288100	0.266700
658	0.135900	0.133700	0.109900	0.138300
659	0.247700	0.236100	0.261400	0.257600
660	0.130500	0.128500	0.108900	0.116400
661	0.281400	0.289500	0.310000	0.287300
662	0.151400	0.154600	0.135600	0.128300
663	0.242800	0.235600	0.244400	0.259700
664	0.131500	0.136000	0.120700	0.124100
665	0.255100	0.257600	0.278600	0.270200
666	0.121100	0.118200	0.123500	0.093300
667	0.289800	0.276700	0.265800	0.297200
668	0.088500	0.098100	0.079200	0.095800
669	0.281200	0.281700	0.314500	0.308600
670	0.177300	0.169500	0.152300	0.142500
671	0.231400	0.238900	0.243600	0.232900
672	0.108400	0.105800	0.102800	0.107700
673	0.252100	0.257200	0.253200	0.250900
674	0.162700	0.147000	0.151100	0.150500
675	0.285100	0.295700	0.302300	0.305100
676	0.095500	0.085400	0.078100	0.084500
677	0.288600	0.303700	0.307100	0.295200
678	0.160300	0.153200	0.141700	0.150600
679	0.243400	0.243600	0.259400	0.248700
680	0.092700	0.103900	0.078100	0.102300
681	0.256500	0.257400	0.286800	0.282400
682	0.180300	0.165800	0.159100	0.125800
683	0.236200	0.257300	0.248900	0.264000
684	0.138500	0.120500	0.131000	0.121100
685	0.253800	0.256700	0.249700	0.270100
686	0.149500	0.151900	0.149500	0.140800
687	0.254300	0.255700	0.260000	0.255900
688	0.104600	0.090000	0.090400	0.110200
689	0.256000	0.281200	0.294800	0.286300
690	0.173000	0.144800	0.116400	0.133000
691	0.219400	0.259700	0.269400	0.252300
692	0.153600	0.106700	0.121400	0.121600
693	0.226200	0.254900	0.242300	0.241900
694	0.142000	0.132100	0.125300	0.137500
695	0.259300	0.287100	0.297400	0.272600
696	0.095100	0.067000	0.072700	0.081300
697	0.285800	0.290100	0.285500	0.293800
698	0.159400	0.140600	0.155300	0.124600
699	0.284800	0.290300	0.279100	0.301100
700	0.098200	0.098000	0.097900	0.101900
701	0.261800	0.271400	0.283600	0.287300
702	0.143600	0.140700	0.130900	0.112700
703	0.280900	0.271100	0.266700	0.295500
704	0.103600	0.115500	0.099900	0.100200
705	0.250200	0.265800	0.302600	0.268900
706	0.178700	0.167200	0.137100	0.164300
707	0.228400	0.243400	0.246500	0.222600
708	0.120400	0.091500	0.110100	0.119500
709	0.256300	0.275100	0.278800	0.275800
710	0.156300	0.132200	0.112300	0.120500
711	0.266700	0.291800	0.298200	0.303900
712	0.155000	0.130000	0.132200	0.117900
713	0.232700	0.244300	0.238100	0.265300
714	0.109400	0.108700	0.107100	0.081500
715	0.264400	0.277200	0.282800	0.275800
716	0.137400	0.134300	0.124700	0.132300
717	0.238300	0.238700	0.264600	0.266900
718	0.171900	0.151400	0.140400	0.133900
719	0.255900	0.270300	0.249300	0.272100
720	0.084400	0.081100	0.106100	0.091300
721	0.297200	0.303100	0.301000	0.283100
722	0.149900	0.135700	0.115900	0.144100
723	0.240300	0.248100	0.269900	0.259700
724	0.115100	0.130700	0.099400	0.100300
725	0.248100	0.247600	0.281300	0.264200
726	0.177300	0.156500	0.146500	0.167900
727	0.253300	0.255100	0.259900	0.254200
728	0.087000	0.086300	0.073200	0.085000
729	0.260400	0.270200	0.270900	0.257100
730	0.165400	0.171500	0.165100	0.148400
731	0.244100	0.248800	0.258700	0.276200
732	0.140900	0.114600	0.121400	0.116200
733	0.276800	0.279300	0.277100	0.283900
734	0.127900	0.138200	0.129000	0.136200
735	0.267100	0.272100	0.266500	0.256200
736	0.110000	0.092100	0.111100	0.108100
737	0.237700	0.279800	0.261000	0.271700
738	0.179700	0.144400	0.155700	0.147000
739	0.235700	0.249500	0.244900	0.252800
740	0.115700	0.101700	0.096300	0.100800
741	0.255500	0.261200	0.265300	0.264600
742	0.150000	0.139700	0.137400	0.136800
743	0.246600	0.267900	0.260600	0.283400
744	0.130500	0.116700	0.123900	0.102900
745	0.264100	0.262000	0.269200	0.267600
746	0.130300	0.118500	0.122500	0.113100
747	0.290300	0.302600	0.291400	0.292900
748	0.073800	0.073700	0.080000	0.069700
749	0.272100	0.286900	0.296100	0.305200
750	0.167500	0.166100	0.148500	0.143300
751	0.252400	0.250600	0.263700	0.266100
752	0.107900	0.099300	0.093100	0.098100
753	0.243200	0.268100	0.253800	0.262000
754	0.177800	0.147500	0.161000	0.154700
755	0.218600	0.253800	0.242100	0.250500
756	0.151400	0.122600	0.135800	0.126600
757	0.264200	0.276300	0.279200	0.289800
758	0.146500	0.135500	0.134900	0.120200
759	0.251100	0.261900	0.252700	0.251300
760	0.116900	0.099300	0.104700	0.122300
761	0.238800	0.256300	0.257400	0.262400
762	0.152400	0.139400	0.157200	0.133400
763	0.294000	0.299300	0.287300	0.265600
764	0.079900	0.075300	0.052200	0.104200
765	0.253400	0.259300	0.281000	0.261300
766	0.143200	0.153800	0.134900	0.127800
767	0.249500	0.243600	0.254000	0.270100
768	0.139600	0.125300	0.113600	0.107500
769	0.263100	0.271600	0.293300	0.283800
770	0.169200	0.152700	0.145900	0.144600
771	0.239900	0.254300	0.260100	0.251500
772	0.112700	0.118100	0.105000	0.115500
773	0.254500	0.247800	0.265700	0.264500
774	0.144300	0.145700	0.117800	0.139500
775	0.317500	0.316600	0.329400	0.321300
776	0.088900	0.083000	0.087000	0.080700
777	0.217000	0.234200	0.248300	0.241300
778	0.140300	0.142900	0.121500	0.123000
779	0.281300	0.292700	0.303500	0.302500
780	0.144900	0.115500	0.103100	0.097900
781	0.212100	0.206700	0.221100	0.245300
782	0.170100	0.169000	0.179500	0.160000
783	0.282600	0.298100	0.285100	0.282300
784	0.112200	0.092200	0.103800	0.107200
785	0.249800	0.268900	0.243400	0.261600
786	0.141000	0.139100	0.137600	0.128000
787	0.241200	0.258300	0.268000	0.264000
788	0.140000	0.114900	0.114000	0.109600
789	0.226800	0.248100	0.254600	0.260000
790	0.151700	0.130000	0.119300	0.121100
791	0.271600	0.310100	0.309600	0.300300
792	0.129100	0.103000	0.128400	0.124500
793	0.277500	0.264800	0.246900	0.270000
794	0.124400	0.146400	0.123000	0.134500
795	0.249100	0.252800	0.272500	0.257400
796	0.126800	0.104600	0.118500	0.119400
797	0.253400	0.265500	0.268500	0.256900
798	0.170600	0.146700	0.135700	0.123100
799	0.232900	0.247300	0.249500	0.256500
800	0.121100	0.110500	0.099400	0.103300
801	0.251500	0.283700	0.294200	0.301000
802	0.169200	0.160400	0.147100	0.138800
803	0.224100	0.223600	0.217100	0.230000
804	0.101000	0.086400	0.115900	0.100400
805	0.298100	0.301400	0.281300	0.296900
806	0.117800	0.123000	0.124100	0.129100
807	0.273800	0.265500	0.285700	0.268300
808	0.125700	0.133600	0.112800	0.105400
809	0.272400	0.274200	0.276500	0.296300
810	0.144800	0.134100	0.123500	0.122800
811	0.260200	0.271600	0.276500	0.260900
812	0.082700	0.070200	0.090400	0.076200
813	0.269400	0.284500	0.288300	0.313400
814	0.175400	0.160300	0.141900	0.142800
815	0.241500	0.253000	0.256400	0.262300
816	0.100400	0.096000	0.096300	0.091700
817	0.288100	0.286400	0.292800	0.302100
818	0.148900	0.136300	0.123800	0.123700
819	0.233000	0.271100	0.266300	0.246900
820	0.147300	0.118500	0.144000	0.129000
821	0.236700	0.251400	0.251100	0.251500
822	0.166500	0.150600	0.134100	0.146000
823	0.273500	0.273000	0.274700	0.294100
824	0.113000	0.120800	0.108600	0.091400
825	0.262500	0.253100	0.269600	0.287000
826	0.129700	0.117400	0.116500	0.097400
827	0.252200	0.268000	0.267500	0.281500
828	0.128100	0.118800	0.122800	0.113400
829	0.252900	0.265200	0.248700	0.261000
830	0.131500	0.131000	0.150100	0.132900
831	0.273400	0.267100	0.275800	0.277000
832	0.109400	0.108400	0.089300	0.082000
833	0.259700	0.280600	0.274300	0.287900
834	0.139800	0.119400	0.118600	0.131700
835	0.275300	0.293100	0.315800	0.283200
836	0.123100	0.120900	0.096600	0.123100
837	0.252100	0.259500	0.269800	0.268300
838	0.163300	0.157100	0.141800	0.138300
839	0.236600	0.245700	0.266300	0.262400
840	0.135500	0.120100	0.102600	0.114200
841	0.262600	0.252200	0.261800	0.267400
842	0.124300	0.120300	0.136600	0.119100
843	0.289400	0.310500	0.284700	0.297500
844	0.098000	0.089600	0.096800	0.078100
845	0.256100	0.286000	0.276500	0.280700
846	0.176400	0.130100	0.150800	0.149000
847	0.244400	0.270500	0.258300	0.259300
848	0.098300	0.090900	0.094300	0.086900
849	0.268900	0.267700	0.276400	0.287300
850	0.142400	0.141200	0.118600	0.123600
851	0.246000	0.255200	0.282100	0.262000
852	0.096300	0.093700	0.089500	0.103200
853	0.295500	0.290400	0.286300	0.284500
854	0.158100	0.150700	0.154000	0.142600
855	0.237500	0.248000	0.244000	0.262500
856	0.125700	0.107000	0.104300	0.105100
857	0.245300	0.271300	0.283700	0.270500
858	0.153800	0.126800	0.125900	0.136700
859	0.273300	0.298600	0.274700	0.287900
860	0.124300	0.115900	0.126000	0.102500
861	0.264200	0.267500	0.259600	0.294700
862	0.142400	0.126500	0.133700	0.102900
863	0.256300	0.257200	0.270700	0.266700
864	0.110500	0.126100	0.129800	0.123800
865	0.247300	0.264100	0.244900	0.257300
866	0.173600	0.147400	0.142400	0.148000
867	0.235500	0.254300	0.270100	0.250400
868	0.109400	0.094100	0.096300	0.101100
869	0.279000	0.293400	0.277500	0.296000
870	0.162700	0.147400	0.150500	0.141600
871	0.255900	0.252500	0.269400	0.255600
872	0.112600	0.107700	0.101400	0.112000
873	0.263100	0.274000	0.279500	0.276900
874	0.152500	0.145800	0.142000	0.133700
875	0.255000	0.272400	0.260700	0.276900
876	0.095000	0.081000	0.081000	0.091800
877	0.265700	0.267400	0.285800	0.267500
878	0.147500	0.138600	0.128500	0.140500
879	0.279600	0.288800	0.283600	0.288400
880	0.113900	0.102100	0.107300	0.096600
881	0.253300	0.260600	0.270200	0.271800
882	0.140100	0.142100	0.115900	0.104400
883	0.284400	0.293400	0.297800	0.311200
884	0.104800	0.115300	0.122000	0.103200
885	0.266300	0.252500	0.253500	0.276100
886	0.142200	0.136500	0.140600	0.120900
887	0.242200	0.250200	0.237100	0.272600
888	0.122100	0.113700	0.121400	0.116000
889	0.235400	0.247200	0.237800	0.227500
890	0.122200	0.133000	0.127700	0.121500
891	0.313500	0.307400	0.316900	0.326600
892	0.127000	0.098100	0.112900	0.097600
893	0.264600	0.291500	0.265100	0.276000
894	0.138000	0.121700	0.145400	0.123300
895	0.269100	0.269700	0.271100	0.292900
896	0.117600	0.104100	0.089300	0.093500
897	0.253600	0.274800	0.272900	0.274400
898	0.152100	0.145900	0.154200	0.144000
899	0.248400	0.253400	0.254000	0.257800
900	0.075200	0.067400	0.081300	0.079300
901	0.284100	0.303600	0.310000	0.300900
902	0.148800	0.141100	0.103000	0.110500
903	0.280200	0.283600	0.304200	0.301600
904	0.110900	0.085300	0.090300	0.085200
905	0.266600	0.284400	0.279000	0.282400
906	0.153500	0.128500	0.149100	0.128600
907	0.248300	0.266900	0.260800	0.276500
908	0.128800	0.122000	0.111000	0.109900
909	0.240800	0.269700	0.261400	0.267200
910	0.160200	0.145300	0.137000	0.141600
911	0.285300	0.269900	0.286800	0.298400
912	0.111000	0.119000	0.115900	0.100900
913	0.222300	0.238300	0.237500	0.254500
914	0.158900	0.150600	0.152900	0.142500
915	0.270400	0.262800	0.263300	0.257300
916	0.096600	0.108200	0.090700	0.108400
917	0.262700	0.269900	0.277400	0.252300
918	0.147500	0.139300	0.138400	0.132400
919	0.265000	0.248500	0.261900	0.288200
920	0.114200	0.122600	0.113200	0.111000
921	0.231600	0.228500	0.237000	0.233400
922	0.119000	0.129700	0.128600	0.118000
923	0.288100	0.294000	0.279900	0.294200
924	0.109900	0.092100	0.110900	0.089800
925	0.306300	0.313600	0.307400	0.316000
926	0.136700	0.125600	0.129400	0.106600
927	0.240200	0.244500	0.253400	0.271300
928	0.105800	0.122400	0.102600	0.099700
929	0.252900	0.254200	0.255400	0.264700
930	0.112600	0.103600	0.110500	0.101900
931	0.285800	0.284300	0.285100	0.295100
932	0.145900	0.142500	0.127300	0.126300
933	0.243700	0.251000	0.275400	0.272600
934	0.157800	0.150300	0.123100	0.122400
935	0.261800	0.256800	0.281800	0.287200
936	0.088400	0.117800	0.095800	0.084500
937	0.292200	0.261000	0.297200	0.297400
938	0.125700	0.142800	0.105300	0.115100
939	0.243800	0.231400	0.244900	0.252100
940	0.143500	0.144000	0.154200	0.129000
941	0.245700	0.247700	0.257700	0.271200
942	0.161800	0.162100	0.146300	0.143200
943	0.287900	0.279700	0.274400	0.296800
944	0.090500	0.083700	0.091600	0.086700
945	0.247400	0.264100	0.258000	0.252900
946	0.146200	0.124000	0.140500	0.126300
947	0.272700	0.300300	0.270000	0.289900
948	0.112700	0.103300	0.104400	0.090800
949	0.253100	0.259900	0.280100	0.276900
950	0.118500	0.120200	0.121800	0.108300
951	0.271800	0.273700	0.258800	0.286800
952	0.084400	0.070500	0.084300	0.080500
953	0.317700	0.315700	0.307000	0.303300
954	0.117400	0.120100	0.120500	0.116300
955	0.271800	0.278000	0.285100	0.286700
956	0.113400	0.086600	0.090300	0.094100
957	0.234400	0.274800	0.262900	0.261200
958	0.125200	0.103900	0.109000	0.102000
959	0.303100	0.293500	0.301700	0.311900
960	0.124900	0.128700	0.115400	0.108400
961	0.230600	0.251100	0.258000	0.260300
962	0.175800	0.154500	0.146400	0.150600
963	0.253200	0.264100	0.256500	0.249800
964	0.093300	0.097200	0.104300	0.117100
965	0.288200	0.291900	0.287700	0.293600
966	0.134200	0.132600	0.140700	0.135600
967	0.257400	0.279500	0.274200	0.276500
968	0.127500	0.105300	0.116400	0.097900
969	0.230900	0.247500	0.238600	0.254700
970	0.160600	0.143100	0.145900	0.120700
971	0.258400	0.258100	0.262700	0.272300
972	0.105000	0.102600	0.107500	0.095100
973	0.254300	0.261700	0.249300	0.288700
974	0.174900	0.162700	0.151900	0.137800
975	0.246400	0.260900	0.280100	0.254200
976	0.127900	0.120800	0.106100	0.117200
977	0.268000	0.273000	0.274000	0.282300
978	0.144100	0.147700	0.148800	0.147000
979	0.245400	0.250100	0.250500	0.254500
980	0.124100	0.103200	0.118200	0.110200
981	0.260000	0.255700	0.251200	0.262200
982	0.149600	0.146500	0.129000	0.137300
983	0.225200	0.267000	0.287200	0.261700
984	0.139700	0.125800	0.104200	0.122800
985	0.254900	0.256900	0.263900	0.257900
986	0.152600	0.120200	0.128200	0.146200
987	0.277400	0.297000	0.292300	0.279800
988	0.117800	0.107100	0.121700	0.104400
989	0.221700	0.236700	0.238300	0.241300
990	0.149100	0.153800	0.144800	0.123000
991	0.264200	0.268200	0.254700	0.302800
992	0.135300	0.120000	0.124300	0.101700
993	0.284500	0.267300	0.282300	0.298000
994	0.117500	0.136800	0.103800	0.103100
995	0.301300	0.304400	0.330600	0.308200
996	0.114600	0.111800	0.091600	0.112100
997	0.212600	0.234300	0.230500	0.225100
998	0.120800	0.091300	0.110400	0.104100
999	0.313000	0.312700	0.340500	0.349600
1000	0.229700	0.221500	0.198600	0.202400
1001	0.119300	0.147200	0.135200	0.143100
1002	0.163900	0.151600	0.150200	0.143700
1003	0.246500	0.272500	0.293600	0.265500
1004	0.212700	0.187400	0.171600	0.186100
1005	0.190700	0.192000	0.181900	0.184800
1006	0.126500	0.129200	0.130500	0.135200
1007	0.280000	0.274900	0.279400	0.273700
1008	0.132100	0.125500	0.130100	0.126600
1009	0.306700	0.298000	0.305900	0.330800
1010	0.075000	0.073800	0.065100	0.036600
1011	0.233700	0.248900	0.278700	0.291100
1012	0.199300	0.182000	0.168500	0.144600
1013	0.202500	0.219200	0.206300	0.230200
1014	0.145900	0.130200	0.128300	0.113600
1015	0.212200	0.243500	0.250400	0.260300
1016	0.160700	0.142200	0.155500	0.163700
1017	0.313700	0.295300	0.300900	0.282600
1018	0.088200	0.112700	0.083000	0.102200
1019	0.182900	0.207500	0.224100	0.211400
1020	0.177000	0.154100	0.137500	0.146900
1021	0.233000	0.240300	0.258000	0.234500
1022	0.156200	0.137000	0.126900	0.129500
1023	0.205100	0.223400	0.219100	0.230200
